152 155 67 
125 226 88 
136 199 112 
143 69 102 
38 29 6 
221 174 5 
229 183 14 
12 90 142 
98 24 175 
132 99 83 
219 135 44 
75 1 8 
230 108 81 
75 138 36 
19 97 194 
32 246 37 
99 13 241 
67 168 40 
235 216 148 
138 243 132 
6 21 75 
209 142 11 
43 242 225 
204 45 238 
227 99 84 
175 250 186 
247 115 127 
45 152 86 
179 117 164 
168 26 234 
69 60 30 
192 57 27 
88 179 0 
228 172 142 
14 162 99 
158 138 113 
65 69 51 
88 127 91 
127 43 180 
35 226 156 
23 60 57 
247 228 23 
149 93 59 
191 148 34 
88 157 144 
194 202 145 
149 169 107 
209 183 237 
120 232 171 
66 60 40 
